$ANSIBLE_VAULT;1.1;AES256
66643739623464393564663062326437353162376166306334316235653235646231346565663538
3764386639653462616463616230653933363361353462340a363065663135303730306139323037
33363764303361643039613465636439666162383561346161623332373263643061656263653066
6165306163613632390a383464626133376234376136646232623333376564656463636535633232
37326531343737343139346465356464616663663434613665663563393864666136346139336565
32643364373435636361613265626533363436303066316264663566343963623764663337303661
38646434303133663463366138363164303462616431353136353837653637326237613331626161
61613462303037336232373263333134366431343036323830343535623930623530383066316134
64303233356135663237623235636239313661623962386233366530393232323934373030666261
65336535376230663566303762323938663465636366383938396635383633306136643164366630
65386139663236376534383930373063376264663832366466373766326262346636636437316166
36393366396336633561346461376365373963326432626532356162396465623036633734623832
3166
