$ANSIBLE_VAULT;1.1;AES256
39326438303665303338366330383031303566313237353434623931626139363236623130363931
3037303838643335626137376436343135626435373437390a383938653665373066326365613831
37626134396363653638623763313439616666353666303139643933376464383266393932346537
3239373034356566320a653032363335363634333063326230343961643235613963353965343232
35393465376165353538646134623832373262636433346661653663363430663738616462326437
38323130623366323466663063616532646438636438316464346234636666333635616331373161
61313836633133316239383637616437626266323264663033653230323661646532653835666531
64636364633834343939653939333031353239353161656534306336353637646530336461653563
38303762323035343033626438666637626234396536323461633537373934636366626334633338
63306536343932653162343236363337333663383264623733623765383365613063353433353464
34356435616266323066356537376236386364646636333065393233643065626537316130643339
62353039326136633065323732303163346637643336346665336231663563313036333635313638
3838
