$ANSIBLE_VAULT;1.1;AES256
65356563646666343434356463313539356432323233626237336264346463623338323136353662
3234623631326435636563396536653937646137393031320a346135653966633431666565373530
62396461646361626434386365656466366430613830363739663830656133353836656430376433
3361663935376238340a663830333264303262613839656561306430666161626461666638616231
65386337383532616532383561623763303936326431316330313263623236636431383537663936
37396461643333373130623836373163613764643830366261643134326264623438653934646464
38616333343630633138383033653832316130303434363361323366613964623563343862356132
34366462303637663962366330646438333538623637333635633632313361306139396363643237
36666461323838396536623439626431366666656434386631663233646235643865376239336539
36363466313562353162313063396532623365336263336137323030623833386463353835663733
30626464386636663464663935363339633363663331393039356263626133653061366532373432
32353532323364613365666665633163343930393536363964643839336339316139653935326166
35653930636131366532653261376530666462656438343562613430383762663239633830356131
65656363313532613531653464353334303934376334353838653164663432363763336465376462
33626562376464633437656263643861303362383365356534653230633630646139646266373764
37353861313835396434303732386163306634383737376462656536666132373336313663313230
38303438306437633530303334396233306264306361396637306563323033626538353564356331
66316333633033646665656532333730633165663239643830353164333536376335663539663066
62396566653265326531313332376535323665666630396533396433373033353633303733666631
62373136646431363962643064303930663131393539663161623430653032386562656263653064
30303632663037663036323035626434633836663263323536613666326334613837306564633233
31343862366434393163366665323461646639633665303361303738363739306131306665396430
39333830623132366561666430346365333632633237656132323237373365383965616263663863
62396533356463373034363934623538663162633233643738383532313039373465363536336164
33376365356437633062666462636435396363366338643265313234363837363264306461336135
34613132616130323436616430613139633835333266343631363763303133386635303732336436
30626135336262646135353562343461306466643164626565383762366363663730663335643931
34376666306466663033656531366236396466336436613761333431626463313934316462323536
61623466383830396433643332333865633539653031633762653063303631616631646361356462
36343139326238663932346262636239626161613533383861643832613838633866363662376334
38303136353436303633653232666162623635323432636530386462373030333133663834326533
33323633333139373264633763663661343634336464303536353361303638343930326538356238
37623534666538323163613863343537623461353831666566623536386363303039303830656435
32396131333533316138353766623430643861383535333834346166333031326230646663313264
31383962353439353966373364623631656166333434343164643434376461653839663934333438
65366335393638656663336339646531653838613434343336656130303964666530326638366532
61323666616437313364333338643964326135353631303461626364666139363661396533623362
35326132303839663232333839383363666537353832303265303838363238376130396533393562
32386330353662626137346464643637303330356433326366626436613365383831373965333463
31323065613839656239343937393130666564373836626630653630333463396135313134303835
34626132313139356537633864356432646433306534653038383039326461373235363034326633
31373234333864393566613334623331303238313533333163613334373363366637636565366365
33306330376535326535343736303963303735373764616236666239633430333136393534616634
64366433646633613535333163656564313332653361656563633564656130633133646632306436
32623164653235623337393164356330316634333464323939616135636535396262636139616637
61336163653537323931646432383234663235313134633938373832396539376439393065616263
39383365323435356130343566373264383032383830663730313031336266616231353961343431
38343830663532656131396633666163363431333639343031343964393031396239333138393761
62393332383762356238633030356139636137646261393134393332633535333631326161626463
30653563643134393538326230646565353936363066636330333062333832623966353131626434
31343832366335336435376533323539616463613533616264653461616262663338363836353433
38653535626536646432343564623239643664313238646162623265383939613537376366663864
33633638643662336664393533336336356238313336626438663936353433656139656437653865
34666436313331336237626439306432646132623462373238383561376263336563323637623730
33623763323534313466306230623062323763303563353930663134346436356631366335383665
66653138393937383836633763646336636165616366616337373163316235366435386337653063
37393364616232383135633138643463616366303261643830663163666634636233636230626434
32363632306230383631336261643937393730353635353766306639646363646538303962613865
34653035656165353032393234663766333536376336633863306530633531393734626365656663
38666330303735653931623031336361346561613935356435393338393539383366656431383366
31356362326165313163346133613566666334396639653364646534343938393039373163376335
64653234386237356466303435306530313266396562643531363433633731633163666434333761
65316431636539393434346365343062636266316563346330373233373435643863376430663639
65336534336364653862623566623464303336656164353964656264373030376331633734343437
64363763656130643361616635323533383833393634346233306233633763366234396164353163
6339613430396534656138613834326633363533353933636435
