$ANSIBLE_VAULT;1.1;AES256
66663635626138643062303532373734393834623534373836323131653965646666303339386661
6231623838316664633064336639346263643335616538330a653664373633323136376637356535
62393738663662336132313439316662363461653735646561663064303766643966343863646666
3565313335633562610a636163386135376435356536383032303066363431353837376235356430
32316565396264346666646663316531653337393330643831393835376363303230333962343666
32636233393438343735333863626133613239363361623931363130343263326539363138363165
62373339653265383531346666343537623362633964303661323264363630303831376430396233
66363535303835333264656663313230346337316638343832363930343130376263653630656165
32396561346664346134353661306562376535363561313937393461326637643134393539333336
61626634393761363064316631376633373237396261326531666365396436666639323031613934
38336439613734353031386337363839306465356134643930323161363339303832313436616265
63353934393831376535343131396530663165363862663365313064616336663136663031613164
39633830373935366337646639303734613665363166626462646336653762663936373866366266
61663233353063353930303737376130666233663831363161313135326261626363366233616330
64303132313762393032643433623864356164306536316633646634306365366131363866343763
30663832656139626330653266653239646662376135616163363139623731633761636137636437
30373061373132316433363730323364383735666265653130663337393733663163363763363238
31636237313539663764323663613366633266613435653662653463613238613933643731663665
38326164653834313066356664373361393138306565313261616432323863656532623365616638
64373839313433333436356561333030353664326535356138333632353330653139316433393232
33363134393563393361623262623263336464663561616664643530616537386463366361663332
32373536633439366362383566393861303332376162353633333861323762326261643632623161
34613339653864333634353036366265346638616561313965303632333233373739393537656135
36376162303136663337323566353266326364633836613533346335306336653236303738633833
34653162623839333036356430343263653032383264393830353533346239643465383662663166
36633061633765366439656533636133363839303865303561353837363939383835366536316265
33333463373031623239616264383761656131626162646563336633313736663566393838623133
36633337383365636236323838636237636237366335613632356164636234643037346135396330
30643539373632316335663239313061663266663965313765373362386332633437346164353761
62343666656636663538306161663033656539653932613739623538663366646237656163346335
36623466346338313036326136653533386136393736373466313164316638326132303739343535
30303462303434353432393264373533313764366664396538383637656336373230326266353332
36663034633138366631623262316332343035323165623235363964633432383036383830666338
63633533336235396263313438376164643330373738306535643135373739343031333462393839
66336535346337303437616137373835383231393838623538626632303632613336363366633537
31336535373665303165343462636333303336616465646264613434633937393163323663663962
36663730343431346235316362653463393031323731303237393164323133646437303064653037
64363338363835376637663530383564633931313233663663353565613961343836393732353134
65336531383736386437616361323461333136363132313532393263623663336539633033653934
62623932306539383866346537363263313132623965653232633830613633363365656366393937
63613430613062626631646537653336393337336632646237656162613235323666353963616639
34633536613830386262646531336363373830373134316332336130633163633037353363313239
36323233646539376238363830353339333834336333353137333036383233653961373032653030
38633838616632653935373236393961366664356662333764303862623363643235616234386565
31306438643566323662366464316361636135396439393562623438616533326631383564373064
61353038353536663632643337303962653562646462653762633131376464636130613862316636
33663035633533643436376165633834363338336266306632373162336463623766643965353137
32303635363565656133333532306663633132393462363237393263313234336663633134613066
34303334653963643733623239656165656430393131323338646432626130396338666634333537
34306433623661396238666337636164633066653037366364663336313932306462393038653163
64633839333633646461336238363865333632623836366536653138666137326264633263383938
33383166336266633132383233393535616164663033666630346537346537303633336337666637
33653865356163333062306539636263336537346131303065323537613734633734316130643438
31343237303537653461343336363538313431656566623431323137343232626438303262346331
36616562653462643930316334396138663236393464663337623364643861643935323162313565
66333138316664373137323837636237363635383832373237616134363762623865643336333537
64393862353036306330373232323736646231623038363134376132323065326532333033393261
65386233636135326639373265336331346433303733386561623165613736336666646539363566
61643636353665343530303431333030383937616562333666626661363030336234386461336538
30303138313563646133656132633332393166656130343039333331633839316361306166393332
66633264366564653539633062303932643534633433383736356166323061623961373738306162
30623766626436633062303730333238313731313361666663383166343035323061373931653865
62633232633437386439333839306532376166343834363532626139313132653938343564643732
64316566316666326433643534313330653436653436386163373035343239653430316433353539
39303834303164376162633061356161376265363564346532623565343132313337633434396330
63326265653061373566313863396664343534383536633739383834333730616338396665343733
353435663538623862663262383162613138
