$ANSIBLE_VAULT;1.1;AES256
39376134396537323534663463353662316631643761646539633362343035613432366132376365
3961633337363533386364633564663238396535383135630a643565336435626432623130393464
39663532386337313363343437663866633861313432396133303264376366643836313534323763
6561633737326362640a356466613334396262396466653735313835636161366466396464353536
37386231376332306233616162333561373536653361333732396539643335623932353662383335
38333364353839643866333934366265316464353962386365383066313363343336633139663766
66343166666331326163393266623534653063396365373037366663333138306562633333653561
61323162373534656139363138363331386533623537373130623364613933386335656337646136
36356330353835313534383839616131353538343833363630336535383337386331643963353231
62643633303534303032656336343162646539323962346533396663623832303966303133623736
346565346361616638393931656434396439
