$ANSIBLE_VAULT;1.1;AES256
65333833623837666231313466396461386365373837353232613335346437356633656431383734
6638383164343233396133613964343663616564326634610a333536646633343233353261653334
65653436366262323137613861346164643362386161656466656335653531616230653139363636
3562646166326565630a663463333934376532373432363536353139326337303961376638393733
66633736646535633762666266613632363230306463623432346639326666656531613661666439
33383139373261306132323964383533396133323637613664396364626362313032333363363531
61396330373662633835363234393730623736626163366534663966343734373039326634303565
64666665383335393562393036333266326666333737633835373861356631386633306133363331
31623637336538336365366337376137383064646132353339396561353763356333326365653933
65633561353161626535333364613438616361303132666234323931303565343131626333363363
38633632356139373634376562623931373166323735626133396233323838623965306230616466
38616136313537653965366536326662653134316632383735326433653536383831356636646432
66653131616565323038343434636633623562653235383830373236643435303161643333393830
33366337303638356137623234363962663064626264363538363634376361613233323331373461
33336562643066663733623333316139353864376262306565396236653633633363363431353735
66333239646432613065616133626338396365633834633563363165663631616138373166343261
63633766653437316139663238313336613635323262646465333966336333666636333135346536
66393636366662393564633636326237383835353530353632396237303962656465356436346561
33323232646264633239663666356663323037303730346661656234316432346635663364393536
34336461346334383266613762633864346466393463616164343461623361376665326136376235
32613731316464343730326638343130626336646661663634306638343862386135633031363234
36333965346634363233343665616233363762326166313061343033373461343861643138356266
61363632636139623434326438383964633364363362323538366633366535656162353839313132
65363830393934333363383961623162643437303532353231333336373533393962316363653034
30313964666530633834623938353137353834336565343164316134363633623434396335326133
35313937356363616232363930623838343764353631326231666238643961626165306462656363
33353766346435303565643066353336373835346633366539613033316432346236363537393230
30316261306539323932
