$ANSIBLE_VAULT;1.1;AES256
33303864333635666238333235343937313531626332396462353739363636333735383766663533
3831356630356435353663346264333663633233353932640a626236623461363663333534653865
36323562623839336532373963333831643832613234326565333965663937623563366661323936
3933303535303332320a373035343538643361313931346338363138346565656461643763666231
31663333363438313861636436313038396130666433373834376162643632643264353465663534
64613066356135343935323439316532613265383534376265323538663836323965373161376239
30356436346361333333373035636365646334626435353631313937643232623235343235303061
38643434383735396561353832333461353335386164626164623134356564633962633036373032
30356563366637343938373530306333386433626461376162633239346137623138373364323964
64633932616461373933633234346334633538656433386462623734326531336239643837376534
34383439653133623634333534373166323336396666623139366237306639643637343636306363
66333731633935613536626231343461346266303533666565626565636566383534333439616563
65633764356438376566393930363133396235353062366366393165646435343434356534313965
33303963386637303963366432376537326236613831633564353262323566343137666563306532
30633862633835383935646332326230646530653038366231613662356462653131333335643664
61643630666434306661323634626437666437663136636563656634383031633736323062373666
39356566333833656161373564613338626365613036376361323661336130613030363331616434
34316165353962363164656537616231313263303863363133316361313537623764376534653032
61313362626531373838636361616338303739623839333136393139663363623662363066653263
66366337623136356132636365626138393238623433616134663238353364373037626638666164
38343833326265316161336135646334613430653335303538326465623638653631303234663934
62663333373336633335646666336664316362396265323936353363373263616561646531303234
35626634306662626263323736663961333932343233643038326336303162326166393261393065
39316639386266623334633263366532303039643231346139373030623737333432363630326435
64396234643462383165656436313934346632333732386135353562353033343165383861626335
34396666356164643232373863363836626435313437656463643861616338333464303634343331
35383330363539646230613761646161616331356137656562326135623632333938376333626362
38643334366533306132653364383836346463653930663765666565656634656264623736653732
64323930323732326464353634336466346564366132643662396233356134316332
