$ANSIBLE_VAULT;1.1;AES256
61363632323632643439396566383234353763376538623265363061373132656635653033353435
3630616238353438613236373064366466323030313362610a366131626339376363656261623630
63653932323130316165643032613565383763346136336333336162363566383333353961346561
3564396162633131640a616630643261393562623264396261316138613339353162333636336335
61336433376462383233353264646563373865343338333638616665373461656630613932326662
61333938663664373439666630663630353439386636373737656665356663653564353434303634
36386239636166383238623930353939343365306639373439633336346430636530616238373030
64333537363738616631376437383232616661613561633762343930343466313230356433313039
39303538653436663765323663623030656139613461633764643235333863363431366135666535
31663765653762393364396433303537393166623863663461616464333861376132663262383034
33646534633663343262383830326434316436383939343865326636653235646238336637646365
65323265353439366366356231613239363339633135393436333366393161626266353965323230
35396664333437616137323235363264356339323266393635333865376633353935303739633165
61343631653331376365363561623937643765396631343730383461343265396263393466623233
36393234626331616537616238336236316638633834333234633636343935363832633231373532
64623333346333373036356261326530393262396461303962373737306335656262623762346434
64383235623432353436653065666462373838666336366533393930303736393336623464383936
39623731333539356234353365303736346235393538636233363236323437376165356461333135
35653762663338313736623735383436626432646662336434323432313937653638353264396538
32353465353463656165643436653463373332643361626231323565353261663731613761633863
61366438363039663234303462313261313633663638636139336337653832333864323139376564
32306564393933623065363964383430333336636635323533643033643336386163353539306165
35356462383361623631313636663365383336356264343532356162646562636433616430326434
37646535303865326364393835393566353831613165663238393538333438333837653435656334
62373936303961363363666132366632386437643633663131653465616566366664383832643263
36636431373030623363633233346235336536663839653661373264663537346237393061623138
30626138336136303638653137373166333764383538333662646636303934356633376265623737
36363331363165653333623830653563643861386130636535343334643062613766633438303039
31346133663036353134343933643139396535396138363239653532386337663962343335653262
64306539343537396566326563373938393136633932633436663930393865306333303735303636
66393531353761386338353732613730316633323031343663383936313231633636663531356639
62333537393939333935323137633032623231353731366466326537306164356539666165373564
32313634383532663232393362613330393235613031316436333561313961623439653138343134
37393162643435323031646338316661306534633632363134623039326362656534386230346262
38376363616263333232353038643562393130353363353639623837316264663332363262663732
64633366346632616265646563653039633539626130396136376565623631326430616234396464
38316666373130376562326566386462393736633130666239656466636138633934326434656662
33373236663163613737383233336339613334323430373939613039613836326535636262343139
33653737646234316438336132633135363964636133373435396139633934313238363564623164
31303161323439323332653062323434626233313531323761313139373066323930396439613833
36393733326133306436383565323365323835383232663536623564643437316665393738656538
37333362326466616537633633656562626664633239306634316266633134363735623361373139
62663039326263643565353763373234663333666165346431393935376134373664373064323234
33366462393838636132613163336232316630333966373937333966386435303431363335663639
31326266333438316536613639373236376633303839666237346439373763653931663631366531
39393136623165656161376334643931353532316633666533623034313563313465613263663463
643131323136653665653464373463313561
