$ANSIBLE_VAULT;1.1;AES256
31653462653137663866316462376332653137383134623837376663313831323062636337643634
3264623530326239306236626136303133313637323333370a643763626439663533376539333033
39616436336166393662373935616464663535626362346464363737306634313663363839616365
6231343364366162380a613337376339326261636335353562656330373036323163323764613661
66396230626134313536626532376436303138313034343863376233383865653439323364366561
34393065663566353730306662306535653032333066373437326363633861306436343034633838
61373462323531363435663937666131366331306530326331376333366231626439393637356665
62653963626461326135623239393866326465313462396336316331316230646135626530613633
33653630646437343261326537326266366133356362323137353336346162663865383139303961
63396633623537336330656132646264656337333138313763613033363237656166303262656332
65346131623663383036363261363537343664376364616638666564373432396633623130383332
65363437653061653365396536303634666137613964626362643334623538633438306261396563
31343663643465633838666562316166646463623865326433373935613564386634386432376630
30306639616264336465353736633932393265376531383137623635636431396263613931316632
31363032323664396565666465386365393336383563333164333361633764383636353963313165
37613465636663373938633738366438626161333632656361373339666330333133373339653232
63326566313936653532633736356333366363626666653630303739363535653234366639313161
64643331306630363933366239383237656464663733633661333137383633363837376665303562
61343965346539666461623530383961333231396532326231343238386434633539396339373632
31656138313933316164343166333264396430373038653136333031636563366539666562366562
34373738623837303061656163626438303735633762306539626235353138316565343562323963
66666561616635373537663132346136643731623763393765653331363735626165333762393334
31633664663532336565356531393233393831313266356465356531336239613763363664333763
63656664613936393637653233386334356661363536656130383862613364326631353735666631
39623332376564373133396139623738303466313366356139306432353764303133346161656262
38643166663338656230346438663934366330626165646332306364363739613230333830366233
34366239656237626235323363306536306563333832303835623830393962313735653362303936
35653734343035366532666432653130366633623433303632666639343533613564663233376264
61616462613764363130613631376366356434666233366233373834636233323434333265306262
61333034306561383135323165343566353837366636373165656664646664336235386230323835
37316664373134386330653532323065343530666236386563316664326166386637313764663737
35623938303763363233626362646534376133366566323530633931376464396261663636333236
61663566386631383533646637666635333034383531643532303861363236613038353563663638
32636230333261336565376165383363626361633538306366616364656366643635656337333232
34346265373636643437306330633838343133303335363037393264666431393237356236643833
30656663323966383630313965636530336435383931313964363839343962663539663738353164
31383233326565386566333063396338316634346466663461393332313762633932306663323030
32306231643863663237393263666263623364643039653039356336326530653930363538626539
66333964393933306235386538633434633063646666356434666532653431613835393233303535
66653062613662343433366361623165363464376535643037323661613536663364373330636464
38376336383566383762353237616364613331333336323664613830303965396538386439386135
3632626663333262653739353363666632303430643466373138
