$ANSIBLE_VAULT;1.1;AES256
31643834633339336665626632356232336665643963386161356439663165623861636533633634
6439643837373836333734653837643535316335393832340a393531616463366362316466346261
61336361323064366162346336616237316465393336636663343764656263336561613463656265
6534653432306239340a313832303833366565323466643366373965333062363763623830626434
30646633323032376265346238656166626234313061666435663332343236383534376230666563
35386331336436333937616434373733393833646137333139653364343334373333656637646563
35306638343361393035653233303663633865346538633463333663346530363330366631626239
30663632663838396335336162376265613733353462643739666236323233623961666138343465
36663361643334313236653761633034313736383730343461663938303637336232316663346262
34366564633935373238316466663965313034343665623964303037376664303436316230633265
38316466663863366630613232636238343533313566343663363161396463373737653430623636
31626236633333313965323330666431383032666465613734646637623663613937316130353037
63636133363934363138643965313035303735313333663434363262313230386464643537306366
38623261333365663666636466323563386136633865396432656139346438633532626666663666
34313738303861333465356262643037636236396137656563353461303361373538323062393730
33336666386430366238363461623065373465383733363936393162613362613963373066353461
35333364313663326139316664353730646362626234336136306439623638653137393534333961
35346161336164376561383766333239653136613366386431323933623137333264336439643666
36643265383637333364323335636366303561373866353038383761653538656635633931643730
33346231343033346362376465313734636135663339663464353231363332306133303666613361
38373230613963646164623265316139626138383131346335663161396537366661386639646336
32323061626130383637363831363934656539323366343733616539653733656533316137333237
39333939636163316261613933626662386666363566623934383739376362613837633966663663
31386238316338646538363034346531386338333137643331633130303033353334366564356234
63333666383932336435333236343631393238306166633165666162323264336534376362633037
32316364656136643862386162393265656330623763386666386562313334663839383732643831
39313566383833346362643232376334343064386133653464323430643239633238373866383835
65616363303831366139396136313462336339346133366330323936316537373462393564306164
64386363633761376266636235336537353831666562323134643734346666386538313034353838
61343032333030363862326532333863326361356237636233616139333838383032393834393937
62363435373266666565313137333037333564343535343966356134326165366532353764396436
37333239356561613738383430383864626632386630363839346439343366666433653963333861
66353862666632336531613962363538313430356631663366646137346135646134326564316662
36386639616663386334313032653861643130323465396464333032396633303338646663393437
36346334363666356665323032353639343038333439353633646566633261316332363165396461
39326566306339623237386366633430636536306261656536646130393566626661626266313938
66356364323337623765353463386230376137333832366138333836343033393936333962306539
31386230363730343430316665623163663135356561633365346139393539353630336133616664
35383130323231366365663461636261363263373032363264646664366264383034333839636233
61333232336535353033626539303830343665313530323037373038653961643634313739386361
35323532653031393130383836346465343835303634643864336562363438333264393661386264
64393566376161346363366434333363613766623061336436343232383963633739313761316665
35373661643639316532613834646436643836386137613235303739613931303466623836303335
31313034323633623837353130323734396362643634363431393961613662313962383138366462
63623635613438666236666630633664343530303939303966383339316465636438616538313262
35363563353939633339356239396434333865333934383135623462373830636166323635316663
63633162373735383566333162343762373463666338376335396564343464336437633565343561
38666364383462313734636330626666666262313033623964343264363939663636366463393964
63353130393066343038333436313465623561313434323166626365636362306231333732383861
66323432336338303836396339326538336661306266633430383062616439383431356465623336
35303764323361313563326665356137616132646465616537313034363431376330306238363863
61643032356230386236313162383435376133326335636338616536313761643930303434323138
34636330666562623733336566333361343730613233313031386438333233386133326630393335
33633663306432613662633335666265303963396666666162666337343664303837373837313638
35646433666439366339383066326264353635323862646636393030316164353530363961323339
33616531343066323364383033326161386335653839616264323239666438383066393533663063
35333666656235613737353238663933356364613236613765616237306630353063343062363535
35646234666433663739353362623063303530333662623563303764336265303932336162303735
32383562333762653862363465393962313636393631343461323364303233366330396138333966
61316166323830643965356535643164646634313032623334326663393037636361366161363130
33343663366333626134666566386466393938373465656632363738663439643961353434316162
33356635353762363662653166636438336235363364333037316536666138373531383530303630
34653364316331623439343138393561386434626661626263323537643862623064633134356236
33303732626162373734306366373038326562353237616135653630633733646564333431313730
66336130626433313262643163363436396164363732373534623738363136313538656163623364
35303338633364326635323532643532643832383137663334313334313665323334663830316232
61666239663662383838643638346662323066303536396231313336353530633332623937396438
35616133633831646639326331613138343534373132366135373164313164366235383134373462
32303837303335343662653631353334313639306265613162316133356136316131666333336561
30616432326239656562633432353237336137366537616662313466643261333965386134346430
39353966313466623631653134333762643934363335303835386430623066373732316636623434
37616130646132353837613365393139653231323031623435376436383263616232613731663263
30646639376466666162303765313638376138646535626362303863366565393537623735386562
64376231353963363638623632333765616666376630643463316130386435643834323335633931
356439613336653134383233373563366262
