$ANSIBLE_VAULT;1.1;AES256
62376233316263333638653833393363636439663865393936656533303433316635363731323035
6462373639646330356662306262333037383964353265370a323362373139626165326639373336
36646661303939303038306436666466663338663863316536666262633663353935313838643232
3433353465613334660a306438666439383735383232316335316566616561306333333461383932
63303234316238376364373830326337633466343137663365613135653366633530346333376631
34613262346433663932383833396461356466633837653365623665653437363531353836623434
39393839353537323861656262353031373333353333633861303364353131336163646333386461
38343430316334353566313932383137643464656365383033363835363439323633663739643630
66623636393934626437653135623762636264353436316636636362306166633539323765383932
62316431633962363431366639396439326161636433386265363065313335613865336534653036
66313166366638653536313833313863663762366265656339373539646662323833303236366362
63373837643339663461386266643863346466333163323034656531353539393263663466656532
34326463323038656334373964643833333736383064373262393631323230366333343264316266
39623335633934396335633465376466313139383937333766303766616233323330623235623662
34353839373839666165343831646230373764336637313765643939633933323030663236636561
62373161373638373435363537363937633938653737633539373133633330383363653934376363
36396639633464343264636335643637383930306661373532623661646566376532343239366165
31333061666662643332383135653133666164343538643639656462363536656534336630363361
65326366383637353263396336346636323933666236393533643835356639333935383632353037
39333161626162623663663865636635333332336564623631633033633739653131306131313630
35616161643166303835363933653566346434633065383438316363653933386531383937306133
36613235633833373735643965653938666561613631643466303363376432616231643731386261
64613935353735373761643332363734653231336531663264356530373630303331373938313537
65343531646332366166363665396233666364656166353736346662333065646539326335663431
37643262646464636264653161306264313261663863363932353332383039346230386363313065
65373232343337336139343663366439636630303136346166656565323938373130333239386536
66356537316139343735393034386462613466343733626662353934643465623134623462636633
62613433323366653035626563666133363138353638613035386139613633616263376137326339
64393565303566383039313961373836333962366235396564656265633136323566373834393365
61376530643963346533653461353334663639323265646466333832383165396538663939343634
37343830393531376361343433366661343939626537363061363264376334613766303036373236
31303563666335616663633132643135656566663865623631333231343632393337643834363835
30303630376161316162363239326634343235633164363162653033303263626132613130383831
33653738613134613761336638356334336565356430386631633736316564303632663930346464
30623431623266363638376238303764333562396464636464363534646432386235326663396161
32343365373633386664636238393863323834633162373538626233663366636566666334666634
62323962376530353338376635373031363630396537653065326138306635633833313366363933
30616135643733346230313165663031646462333161323531303537623165313661613962643864
63373537313561613935623866633231366663346362353237366331616132346462333262323532
62616436643238393236313537343062636333396531396237393032376161333931653939306463
36373433353937336265396464336234333861663365356465613334376363636563643032313065
36653939393563636137353964393932393764613763303238663031633139383238363638613366
38663462663034353830393463626536366430656235306663313964313866313462306363346537
65613762613663613764363766623533303431663865336636623261643465356661353361393537
38636465376238633231353135613263656438356137333338323436633738363064363461366339
30396561623534653639323736663134376332633263383239633537313364656531303937616365
39636265626139623336353664373166326432656137396438376137653361653564303766656437
63633332303536613066616138353961613034356665323862373139303135646132636565393466
62383333363661623662643131373039663065653764393537663364346639356130383464616663
39633062393233656132366637386639323334326233636264646439316263313034393565666463
61383332613530346264623838363938353734323564666636626538326130316539376666366336
39306366633262373163323639663863343361306162376663343331626137323363313435663564
65616533363433613538636364636362353264653534373736353138316236306539613063353134
38343638326639613638613966336534383461666534393732373230363266633539633562356630
36663738616633633733393035373939613030656466353234366463386263653331646632643734
63363561386537663637366266313634366362353938343963663236326462656165636162363539
61303232336364646233623065323930633335616330636137353162333431346361343537363437
61303765376465333737343265616162643630626436393065316266633936316332663135636334
33366536653061636434323335333538656430363064333532363961316235343063386365303933
31326637363162616234353563393536346266646633626439633331653865643862313762353164
64393431313636626232306138643166313363373439386262663261373065303563303436323966
33313461643566303363663061656439653439323538623233613864623466326264333736396339
62666635356263303330636163663930363262336438366435363233663165323266376236313237
37323837393231656264306534363630396535663334336536353830313761353166336435656432
37373136616433643963333832333038636535366539666239616534346333366434353364316636
61353163373166656434373130393335393537353836303435353039393637316231333533613637
38663934383938353632643565393161313834373535346635366432313932323931343362346161
39346330353461333166373161643331313766373364356438343633626363656564633337376432
65356665346164663766313434623462333065306238623963623336623635373236323436326638
33623738623762353061333564653439613334343161343434323039363535653637363036303333
31373036316237383636306635363163366264653331396263656362633836303366346230366232
38393636383566356162
