$ANSIBLE_VAULT;1.1;AES256
66313036326430373665303633323339643036343033316534663031326439636138633561333866
3034623866386666353233626163353032646333343837390a613537656166633566613638666530
65306537303762316133613239306666386366386137646238326632373566353466396138636531
3162366666646233320a303831326631626231366462633733343463656433363465316537323534
62343232313339363032376565646365653430386339656133326237366539363437623465396139
38386631373239666633653465663037343733666132313535363132633137363931383663383633
31393339363538383538656531663636323230366661646535373565343165626465313362326537
36376262343733653737306433616536623236396131636630653463653738373565653630343061
32633339383964353864653261363161356531353461303433363830363033663965316235613961
30303164393130643364396633373238616562613462656162376266373330393766623034666465
35343362623432393738366536636662636332636430313938376536613762353864623335326133
31346366343737643062363438376131643638643231333332643462393039396162336161653635
34633438613736386335663337663236623830623636316664613233373631303935393164623663
35393564663432343730383463633165336238623034663863663434306566326661346665616236
393331363961623461336531616361343630
