$ANSIBLE_VAULT;1.1;AES256
66633533333233653431393634633365343437613338623835346134303434656437383537373762
6563363964653064393962366237643535656363653230330a323937666530646630356638623630
66636339623166323130633430326562636261376331316533326264643133663263333763346365
3630386462663832390a663331393138306334656132663239366236666330373263643763393931
62323131373734646230346333343934663861333139333234366436643966386236393435663866
61306337633531303838323664383935393233306534373163363133656166383033613766373332
39396538656236363466363864376561336230366563353762613364613862613366343133333761
37383032663830633437633437313864363535363632643239613739316463653464363961313966
66353234323132323638656137626463633666653263353535653134366236333639303961323536
34343862393063306663313361616463636661633930316266623964313963613066616133346435
36363866313861616165643862343839613933656238393834353461663439313530306633353438
62393961373230346230363461336361353535646130306431663639616533393762346238613434
30313531353638613364616333333530343638326638646332613565666462353935613232663932
34306435666538306435343037363337666462643362363164616433326635333366386432316338
65343766386138626366626330376337326665386563323035373639353131303637663631323261
31373766333938346235306561386237353730333736393531666564316466313035356466313934
30646362636535313330306330633865656665343538636565366332383534316137643530313865
37306330643331363633313139353864626631626239393735633435323933313065333361383661
34373666653235393733313236623463653863613362383433626437646431363264616438303664
31643236376466633561346635306164626263343035346162323334656535376563653231333861
37663138376131366434366662396165336339363861363738633066323534663633303230393138
65653262323133383465366332336662343264353564313865353565373538643038306138383865
35396333623131353763383162656436306238336530313761343730663430633731386465316130
34653430333935323438613366323464396236666438313731633835626561306362313565326663
3334
