$ANSIBLE_VAULT;1.1;AES256
30353137646562623235613862353863383238646664643463613232393035343737343336383661
3965656637373935633862353433626565656265636137630a656635313533646462346435333630
35653432336363663830306132343136666635353632386161353536656163656334393331366230
3739623365633432340a343964633830623362393332376436306234393134613530323135306364
66386530386436366565666532626633643763363466633332353366353630636561633833386263
35356231306465616437653830653264323333613935333932393437313862656465313964343030
61376433343363353064383134636139376630393739643163656136663862666565323434646364
62353831333838316233356664623364356461613239383365383436326137376363313835306162
61303035323465663765323534613434316563383735336139613034663436303537656463623832
62616266373931326266393834313832653962363339616638643434613932353663623632393531
37393761313435366631313633613934343930383931633136666562613538353862323835383766
30656332353964323561623264656361633538366237643730633733303737323064383832396661
66636330313632393461626461333062363733643137313039343662383966343939653462616135
38306464306130653366333565633162306131353530316531366633326537353562396635643639
39393432666631633437663730336331663334653935666631353335373232346339643933303330
31346364666132353336396466336662303061386564366137353636333630323433643363333361
33346136303638356363363635653436636430373638653764343131383462393939346132353639
6264343639663231306335386163613534363931373632376137
