$ANSIBLE_VAULT;1.1;AES256
32353931383437613236366130316134656535656238646237633663646638303562646366356635
6636336461613032353530623363633635306361376662340a326163333265303030396138633637
30373336313139323763633665663136333133633165626131626465613861623035323062393963
3965383831306237360a306439383062393131316432393263396236306533376535306636633235
63343832313761653733613263333335323766323364326336313738636134623538386434333365
33356139646461613761306436666532613239336436323334383562623965363036643130666230
62633165303936303162646665373266656537636461346131616334313739353830353732656565
37653231313934633937663362353263313531643831306462636562383737386530653630653736
36373536633038333966613435656437656430366539326438306134636566326362626265643062
37633562353462396434386663656635663861623637363631633530373838353031613566363737
35623365616361633361366661623430613036366364366137343739356633383364343037313536
30323730383837303438326162333730376534343535353763323337336161313662653339393266
33343535626362643865326135356631613936353537306163316239353662303937
