$ANSIBLE_VAULT;1.1;AES256
61643431376233616438643834343833666634353461663839636635306565363265383039666230
3832346135663665333562356239303635646462333933320a633664386538646236383030353035
31396564663634396664313231343437616466663436343730386565306164646133306234643531
3238636332663831390a353865623161613266643761323732343330396337313665383630306365
66333363313463616537666436666536343231393634636436396639626661336362643839623838
36623039353462656539616562343937333037376466323263336335613936656134313165613966
33663963316564383765323165336339613361623935353464393166646262393036303462303163
37653065613163613930353537663262323134663139663864633534643361353233363239313736
37333236643139643864643761343764613236313336613735303434343437326135373930646635
63383334646261383235326236343036386463343632393236306538663838373931346264343965
37633965656261346234343565356339386163646364363632363433336538356430663134636233
39643830383362363132633362363937303761393637376361346363636366366235326535313533
66353034373062393436303666646261376235323239656237643966653733386366396432663533
37386163666530363430666166346633663962356333366538633761303939323431313664376639
30373764313030346363323134386631626330323032656663316537383861353866646635363435
62376663343933646630343235383230323062326465333039623638343836613938343036376162
63343264323533653462343936643639396530346463346433363532356362633866616465666261
37653465653966336537376136376434656463376532626361396263396636306436313231383033
39363035623135396566306334623839336131353666626364326636386534326133303936313432
33646362333266366333346433643030613934326130353662643832663333323236636361313437
38323165666663323561653064663936313132616433393431326532356430356139666662323338
30613937626537346633393736383362393961353335643664666139663735653933626630336438
63306666656339323035383334626361353837353661306335616338316639636531393934306530
35636139303032373839373332306665313334376638346333373931316435643263336138626336
31333866376230313362616262663939653439346630313366386132346138383864636233376630
31356335613266313431653962613064373361353836393131656133613765373435373132643237
34626631643839396132366632613530623665396634366230643831363564663532303565353934
63656132363661323235363966643539393530353062656361646532613633396561326664396230
66636664373362313064363939326566656538333735663334646636316466653830323739343166
61376165383838313531663363306562393763336135353363643339626532376434326434366466
39613930336363313665666439663338373131303536633866363039646562653363393061343062
66623633636236303131633135393934343038343461346134313736653662323330663261616636
37366136396561366466366434393035333135616561383164366636306565656539363263643164
64623432643064613532316139396162613762363664363735663137383865383138383537383033
32633135626436323435643263653866633336653534626433663366646531316662343065316531
63363136616165303230323364666134386336623064313137633037316264306538386164316366
33643361643361303333616664346631663433643037663261346262616536333664343835386336
37306334356664326164616262323863613830356132336539636531363033383932343536303833
33633630633138386565383562303266386132656163616238353962356361313630333665393930
61646364323863333562656238646561393834666364646631633739363633616166343561373039
34653965646362313762663066366633303566343530303534616131643839333630386133353737
65666439306130373938633139326438656437323230663161613563663235306534366464373630
32656633383766613961656634343230616636646435636438383036376664613462346439313166
65373763613935626135346638363936316138653163316437343339363862346334373763393934
36613338623033376532303562353661613932323964336664383365383363363538376536663132
61643830663862316336323034323235366436656365306361323863326330313634613764653962
39643565663165343933383831616232623434343662626232626135643663646365343630393564
63356432303333666637623164303532306361643336326437623631393465383639636631623563
35613038336439353138626666646663643965356430663231303539376234303966633135646532
64323730343961333966623535336135383633643531326362663364636162353964646165333435
66323965353936623662323734353163376165613133613738383366613231623232393436396536
61373933623061353162643238613235343066633566333362363765323636623435633162376263
61626664643162326435346333306231626333303333383061326339363631633837303438323766
63333732343064616235363936663739626362393066376162313635663437353630363066333137
39373564643063396537373931346664333431633533313333353066366362396231376436623535
32663630373665306264386465323737396335373538336330303361383262323762663134623935
65323838366364323235646632646166623835393562393334626632643139383337306334353664
62363331313664303038323836636261656636656532373839643163653534613161643839326139
66333561616338386539353965356462626531643733356366343736386265396563616632323037
35396630303631663739386466383131303562626238616163626332343832363539316335363737
33656130353633653161333864353761323939363232653764303639643161303037346230386564
62643138306430353031313765353834326465353537333239333333363564386132633636613261
31623134623661313064323638333536313761373063653134343330303461636638653631373237
34356138373433666432306463356232613036303661646163623663346361623762616137356333
63303863363262366338346234306439323533346539303934396464656261663161646437313834
63333537346466353735303337363961646536316336343636613033383038386639666435373330
61316230306361623934353832383637393863633063616535343439386234393336366262613461
65353731346630613538633462646432613664626135333030306261653831353938316461366532
37386364633265356638356435616136363432663736356338376566363564333138373134633231
35363163396531383332616134303435326431653531646632343035353966373936653163316536
38346165363763633437663239646363343565363838666231393630643836666234383235623239
30376135386265646466306531643661366164663438336435336339366164323739383161373838
31363766623231363161353963363937333234663337396334623638393066393962323862363732
62343963376262383139663535663439376330373363393532356134323437663130353261363764
39316632316432636236646266623236633034663266353436373164393834343633383861303064
31626666613638323837656438656635376463303831663362663366643363373361363033396231
33626263333530666638393833353464646562363535343137383031383631636439366538323666
35306465656437653630316538613738623333636631326433373065633635326664653363343539
66393666653365313634636166363662386638396337326133663532313661386535653438643962
34336339613431633065616437623864616138616364316432396466623566303761646364303737
65356435376630353737353332376161393638393261376135383533373031303939313338316336
35306662303535336532346566663963393764623230613236376339383365346134326535326533
62313361643465363565383739386565613533373638376264376431623864613739373430613832
38646366666165636538326130656531373466316463386535636137316566303463393766663536
36363233626636323530663933383437323136643637343631316339353338656233376130333361
65303535383839663638623364386462336465366635636330396239373634326638306463393262
613932356632343062633535663630636166
