$ANSIBLE_VAULT;1.1;AES256
37363737323737643063396163653362613963643638366363616436643330656630336137373330
3633303862653331373334353766343037646438386335350a333963653839303837396263376464
33343639326234306438626361373133383063373835613134636635313732343939353036343330
6563363130633732650a376465383431316566666636343938613632313136633462313966376534
35383237616434333639333732626136313932633764623761633032343066666437353534326565
63363161383733633662636238666265303664656163633635393033323765336532633161653136
30363263666534306233633736303664646133643962386364353661393235666436633832353231
37663033376566373561636430663965633638346166343465616532663731376363303834323931
39316636643762323365653231643862356566343532363538643332356233303734393464616437
39386331393238666138376530313636323236326332383366643030363732346131306163363663
37663761313564626532333163376638396665616236303431316663656265313462386632343034
66636366643264363364336337393439363261303837663836383431643763333139666135363631
64353331313236353762616638623565636664343231303233316261666634373734623531336138
65326561323933653039336332313133313137333132343738316361336438663935393963393731
38336261613162653665373730653036393064336463396534653033313833643033626639323461
38363163323863396132613362323437343639356239333062363135306233343730666662653430
39343664383837663634306436626132353662643663356237636637653066373535313838303066
63613733623639326135313364633338336566336332353930366461303662383165633534613630
30613862356533653835633464636132316136323136356630353162306432393966336462653231
33323636333266386561323263396462373837303439633765646361313235373934326130303332
31323265623034333863313732313361386333396164396661623734613336623065323661653936
64613734633436333935363938383961613930343034393565653963663233323832363961343238
33373335396466653132643562613138353937393864333639303164326363326537616233636433
31353734316166633061326536396565366637663164393831353763323633653434343732613839
63356135333564386137613164613065373764613830323332626461626133353633366332626137
62643235343438643638346561636532386562656330396261353336343463366266363134623539
34346531653837643763626564626136373933636533363162396233653463313232653765366365
30363032353064373166663338636336623339353765633933393235373864623639373139323539
39353665393235376362346336623938666361643430373365633430366663323835663032316163
31323439653361643461613565313231613136366362356232396663393038303964383139633062
63343733666130376235663830626664613033663261333532626464616436313561623666613966
61333432623634353438373135633166303133653663653335393963636664396162313135616465
35383935323731636463383131656637363166316464626137336630386663623762336330613263
31643936656639626235313738356432356133623161333830326133323766313961616232326432
38636339393130366238323736616435643236636130363733626538613362336339376563616162
31626665386131386631393032303236363739386333613561393763656362323930386436666134
33313262626635396231613265313237353438383164633936646337313035656331336330313130
65383937316435336634386235623362656561386634316464663265396364373035663761343638
61313634316331366563386637386434643162633037326634383630663364333032356461353561
32666431636263633863613563346466333830313438383365343933613961333330623434346565
61363630303932363766386137386166333430626166303863653765313538626261326435653832
65613665663532326235393364376439393932303934616136623732626531323832633139636666
36623832326137396465633461633861663132383439396437313962323461366437636432646265
66306436343865303535303237376363336335313164353534343336353538353234343333636234
34343238643531633834353931303165366438653362633433646630373931626136333935613865
62336161396661393736353337353762376537373337373163363339366530653833333462393036
36373635356261383433386333376137383864373834373237306263346265633765613536666561
63333634626131666461
