$ANSIBLE_VAULT;1.1;AES256
62363832366138343130363030663238373931306365363631376266353633623637313430303462
3737313462366666386238343238393232653136613238350a633034353536626431363365613437
37343161303038383639366461393735313630376665333361306531343762363266646137373566
6563636336313833630a383236646464363564316531666138366162303537623563383262623038
65313465323039363137353330393038346334363735316463623034633337386433656264656665
31336139383534343235326633363333336263326339373364313735333563363635386565333561
62626265346561643934303263343862373065303066333339343366653036316530396433373736
36633731343735656434306563323831346234373733333438643833653261386432363564643433
36643561643335663132356239333638366333656430373839316639633932376635343963626538
31326162613436346331376563663239396536363333646136336566633034616361313636613532
62666232303430616366336330346430656665303334323331396239386536666631633330616435
34613234616636656636316331336234653262366233396132663235393330373861616137363962
62356532323461386534663065316630306632343765313236313632303431333733
