$ANSIBLE_VAULT;1.1;AES256
37633336303663353737393562386561396539613835376237653962383265663666666364623038
3334393166653032363233353735373337633666353331650a333762366234653165386334306638
38666331326562643631353639376534373432623135653936323663326332643231343162333632
3832393336313461330a333533383135393633393662373361663361363232643535346230356565
30396639636161316362343338356362386234323865306239623333633734346131616132353831
33626461653766366532396661396638653538366663336561336135623230373032393661343739
36393730336137663163363865616164626161346638373263343138653131323934663166343737
66616364626438323133653262353866343863626437663932343735393661356464376630373239
32633539613038373564383535323164306466346232383232396464393830663030356236303165
37643463346135623635663330363135613162326662613163333863383830373861393531323034
34646635643964626563313565623064303361666631643139363434656233356631353962623939
32396131356565353539616432383935346534633234613764376164346436326537643366333830
37343461313739303066363839336636336139356665336162373036313637346561636232666132
63653935343566666530643061323436383338396634303530623438393137663333356532343464
32653738626430343331333664363334373734613833396263316134303635616362616263343435
31346136666661383864333938313361326335663635366431653130346464393933373935353333
3231
