$ANSIBLE_VAULT;1.1;AES256
66663930383965316261636630366566623139626430376564333033363261313735383931393464
3039316634323130663661316164313362633232336536320a353135626539616535323462363934
38316537636164643163336137363636626139383963326238653035336266373436373563343037
3537336263306261340a626665363762313137623062366537383230306433643231326534616161
34383461316662613864333566306139616330353138616437313365383761646165636431636136
36623764303836393933326364366165316131656666323530303034316262646563323636613839
63633166363839626532323538343834346337623537613661313332653430373433303565373037
66316136353133386165336139643531303534343964373662313963343730373930393362643832
66363361626333313266333861643762636661353264363539363733336130633964383466623338
35376262383631383861356463346338366334626539333466396564303733393562356630336362
64613936643739303432306463363439363031623931623530613133343364636437356362313261
65353938613664313863393039373434643765323139323236306432636135626636323232326664
35343737653133313735616639633061663264623036623365373466313232643966633130643132
63353237663062636439666563643132356561613330376430636434306636366563623666613237
65313834643062613832656137333266613366303739313261343466383839636536343937656436
65383433333730356465376438373862306562343562613032313139313238333166616366313062
63656337363666393732303633636636343065393530616138646634313065643838336661643532
32356562383534383464613861383538323937633462326436393534373332356232376331646232
35383834333133346131626563613263623561313336376338316637356665653663323535613266
66656637323935343366356166353838313734303762376439393030353938386363643934623164
63346533663833303661393338636435373634346232373162343736326264326635376138356336
36613439313138353166303763326639646638633763626530306632663533343536613033663833
39356364386438333531313439363235613232366465653635663962326166383161636237306366
34623039626331636532653536393134666635386432656239303939343839653165313030313135
66363833653930303665613437663364346137623638613062366662363835666637323337666562
38343066353966636434343864353162373637333465323532353632336134643235333561356630
623535346634393135323866633166613031
