$ANSIBLE_VAULT;1.1;AES256
36613231313335366464623038616438373835336230343766613730333935376561346131386566
3335643537306434333135626338386564366431643033350a323666346530643034626630626361
31393861333838373663323032656466613536303539316164316462313931613562663034616265
3534353133633363350a333133386132313634623464396234626239316132616661333965366662
39653466376438356438366430393935393562323338656233333463663164653530633861336464
32656364313334313464376364303934333036316435666161613365623139653664613435323238
33626263656662306162633066383535346137643161366430353332623235643237363664613332
66626236366364306532353031383334303835306465346666656236353665326264643663363435
62643033393431303265613234356537656462653833383065613639343466626534356130666133
38646538613635323033666163613334363162366532643633336432343035323561336632303631
37323339646631376339643365616233623562353634333537353364386465366632376635393538
30323062636432353337616665643163393161666130626139666265663561383966333432386539
61373033333539316538396535336332306630353161386461336430393839343737376265666435
38376165333134633936313532353462383831393362333062383735613238393535303035343333
32623831373639313730653561623761613564656437363839633334383961636439333232336630
64303035346462376435303030303666363439393431333338333766636663656363323638386230
32616338313835373339616561306634643735383139376132393134323862336333656239623166
35653538303561643430353265323762636262346462626331326335656662323864623461383065
31306566306366643837313337633234323139626431663265353561643136326636353462623437
33626538303932353839373934386462396334646164326139333962623531653031616563373830
30316437643262376535326333633737353433636533373665316162656365633734323633663530
33353639386565353137643438393738343866353134363833373063336636643162313364376131
65623038336365653034306435323639666664333937316638623464393236333865313063306261
36333533623232343838663866653939373133343334353932376262623934306139323362333262
65393039366437353465623833623733333962616331373733356530353037393838343361656331
61316238353436613162616236633764316534653135666637396139643632633638323063323235
36653431666437623637313839666262336561323862376434643735323364656365666232313738
62643230326461343030333534663139616232306635313864366438643664323366626365313232
35306233383531646337363563353231623965363362306238376633336234343266323463666166
65623132393064333239663437356662643964386232393032396134323833303333393064626133
30363964323734323364326335633133326530666162313563336162646531623632396166336333
61393931653363353535396264656536633164353265376666393338363935353562633634613130
32333561643236643363333465363934613636633133616436343166386339353830336366323531
33633031653133666664363435613662643062363164653663363465333634326566333739323338
34633830633063386464656262396664386230613362373161396464343131363830343831616630
32383632313632306231343534616431343932373737616436643364326439623838366537376431
30616635356532646162313432353261383734643833373563333261303539643464356537373033
32386232383563386339656661633862636235383239623136353263636661633439626466373832
38393737353934316534623536653061336132653765306132323936623763666362356533613466
65336633376565316339356262396538396335623639633932633764623866643263666139333235
37396461666365616237366131383431653831393166363034396533613938636663663433643937
63396264613462373733383732636133333932656661616362373936343065373437656431346463
62663333643564393437373632323931346466396262376433663138643738363439303437656637
65636236666665613464346331643231353730393135613934613863623333616339343165623635
61616464633031646263346439383336366163383333613866306661643833663862363733326630
62393038653761393032366536346662623439613936383466353831393964363666373866616361
62396234373032616230386236343463366661333662343835393930616466303235306139373365
33326631333130326566663134666435323235323836363466346663646661633532383133633530
30343132326330333538633039353264363939636531333539613035616166323462373363623533
61343239383866633730366564303363386130373539326430366365643266623066623035303533
61626535376636303835373663613334613165303562336563333563373264323264323065383133
38333061316236363461356563323766643036343261336661386637626239386438333838303536
33353363356362643434336663383866376366343637373832393531333162303330353739393762
31636262653633366262333261383533363139613064613037386637306534353834353863313163
63643230666466323737663638373061376464623430313234616438303636633631306130313837
35356635323034316134353162323934643864336237316332396363363462393736363861336563
63656465633936333530373834353537356435393135356330306437356335313233643033343362
39623737636137633832386339373434303961356533343962653863323333623366346366653865
39643364383866623731313239346635323432373362346565346563383164326131313830306133
35623732326230626631653666643634323535646261666333323364643564306230613834383036
34613062393837653264613136353235363163633263306634363634346235393761646461346136
62343633623833626165653430613836316439643931343935396634656463323232366465653065
65656266366664623630623835353164393837393561346335663031313764366661336237363339
61326636343939393638353736666232323666666564626664353437633238376632643137636439
39393736333535303230336561656561366666393533383065363433336563303337356239623061
36336434636164343438643136663364363962653632323566623161316565376436326432653631
62653066356334363336656464613031363534346637306439656263303331633532356638333534
37646262356532643765353962363232633732643666633261393939353339663765306631626439
31313532363238373564363263336531666438633839363836356533336564356433386230396538
62396266633064653839633337343464386134366266613738633365646264346631316166396431
38633239373933653433633834383462313766323434613233376665313336303038333835633336
33653435353639363462353334613733626338356361623135343731356165663738316239303936
39663062653337306136653930336666316265623035383033373462313831393264383637363231
61353730633432333630343832663530303838346237653262646138393333326665313936353964
37356536663130343262316662303930346164373961393833663862643562383838613261363738
64636336653232323139353763346463306161323932376137336536353863663865353330386165
39306663356563613431353238386264373630633563356535313265313235656663623963623734
39623435633263393438353561633731363665646365653034363337363839313636313234623432
30663032326637363635383032656665663638613866376466343431343265333037373239316361
66373331313634393931333738663130623136306331356432316134653162333830303162383739
30383731666337383434363239343534633664326539646166353734656337633839623538653538
33636338656561646634666238663536396434386266353762386535363633653562386338653036
34396263616138383863363665656137366334326164626636316238623735383966363831613364
38353662396431663238363138346636313564616438363066643934353131643336343961383066
31356537313366623038653332383533383336616539613861383065626630316134666266313366
64373137353834623063396133386162616562613833386632643332643065306330306134366464
30336436306333363033383466363565373661633366623564656434383836666462306631333664
38623661303333633664616666393438393766623265633065363234353132323764666261373339
64316537623663343864346139393664636136306138316664653336653434333239643734393931
66383032316535393861396563366335346561633264386235636637643431666638343536346537
32383536616339373538313636313562363937323463656661633234346430323030616536643961
61313761393130383432626239366634323036303238376335343865366436343338333065383662
33636561666263376635636439633634646537643433346637313765393735343739663233343365
61626463333837386134646134313531333463623032653231363061643034313831623738613063
34336263383963356335353433656631393237363765636136653861303337343964636537343562
65646633646630343833613138613839366436616363386633343730343930386335613363373061
38643932313131336436316639303066616132363334326565663037393237383736623534636361
31656131386239643338636364313937353466373134643961353166306337663562386433626530
38313433616637313836333332356465336362386530303036613965383962636534666134623632
63326431633633643262323032336162303931613631353064633039323764656330636233643263
37626364383039343334613963633965336563373965343232303439643664366435653836663830
63313366653833636265613331396137646366643739653566643937613961386238323932326138
39376164613135666437633832333533636664396564333335306230346661333635343165386439
63383435353833333863306462343738326232346231633137646332643338343666383361346365
66376433326165336537323235643034363836353235666263613431386136356438313763383334
63613837316338383061393362383630373764326237353731636235663862366235343235653833
32373832643564373265386166316338643263393036383932613230396533366666353064623336
66323265336537376534646137663830316263666365663234646335346630623964646439633662
37613863363330336165323664306638396433303431653461383131623562343739666332333661
36373361396131616337393832656666343235313339336434653233653439663134643336643033
63396436323138306538306564653461346335353435306636313862653637636231626332393931
32623233393964336630643365336362653834656138383437316636363332653862666132336239
63333030393362386664326134613039393738343831356539346432343264343137373562336133
38373463616164306337316235376431653064613436623264383063363230393761323961356536
32373831353061306433633265356538633061336332303466383439396635333536353066663836
31306334616438643332303537393136306231666438376539653537353963643662373739666164
63323265386666393539623438326131333034333063393131303062383830373335363536636131
61643036613563663966653565623434653831623235643264353065663863313838613439626537
66316638656639633364313164616637646137323361353132323733633132373431396164373366
32653531383062636539646466386162346262383837653430613761373361636439613937333862
66306631356335643065373931663265666531303062336230626637643237626337366464323431
37316238373063653436623862346463383066643061663164373362623735656536386537643863
62666330306337663132646363353136333831363536316630663339643661306263396361613337
31313364356637396566393834633930656362383631386566366266353437326338616137363264
66316638313862646332633739653239376566343061376538646430613766376466633232376661
37313131303035643634646461653734666235303235666262323638303833323636643834323931
61313731393332313537393135356465383665646631616636303034313165393161646335363333
63313937353436626333393363613962313463363436313832376132643939646531323138626464
35366631323335646262633666373137393731336339666434383834636439333033636265626466
64343062656138646635616366633839663430316464386262303139303830393433666463373636
38313964633438323530323266376237353131616531303763396231666530366236353061373866
36663235333435646432646362633438393134363565393364343863393166336634666431343938
33303930643430316636643866616230323539323430633734366365326132656163656231363739
35343330613466383230383566636231643165336665643662356334313832386164643063643438
666530623466663830613836353432376231
