$ANSIBLE_VAULT;1.1;AES256
62363365633230306636396232393531333235303239356535306662346630633639383933346434
6561653036336264653435396661653938363065386632350a653463376364646534623834333062
34373561333138383434343039316239363231653439376463653866626261386664343065316239
3339303236653464390a353235316265326237336162663535643061333634653761383064646365
32346330393061663361383863343032303762636236373236623462616161613631336264636262
66626262396562336237313262316534363230386231393334333062656362333337343233663433
64613731356237333230323031326265636439393036383334333538613233626337346632313365
39666661623830653838663263653535343439623464303230313938376564383831656632346632
38333137373464653138373762336464653762366136393936636261363138386332323836643766
66663862353839393433353938393737363136353738303337316365303664373439323737623635
36626366643739616535323530643561373036633038313233626135313731396564623832383762
65626333353335386332356233396331636565643032376131663166386566393139346332396532
34623436356262333238396461636161363433613730636531326663636461353230376466653763
37613330363766623063343563386564383865333032623633623864353435623563343461306337
38636666393861383232656634373534636230346434623838306636306462313738336465363963
66616464623361393432613231666366336232313532396234383938383163326435353137306633
36386665643039333431626361343163653639626464313338646561363963346632633339386330
64393965363762373831306661636434363162666633643034386137336261383534366163656338
38653739636462393463613036383533316462346131376266363932316339313965323733323130
62386434323665633137306362623166623734623238356539333830363566356163323430666533
39393065373234663731313530656331303434323031336133366439373639636331613737613661
35373533653036323838363664623032656561393539396666623538343561613936336538633765
35633534643432383862306634323738326338373063663837623536333436373365636235333766
30393735643939386639383531383766373664383633373731663631666663633334303964383164
65363137373331336137663263333733616163623364376462626664613966306265393136613837
31616634313431383431653836636138386566363631633061363435666133383136343535646137
30346439383234313561663633326461303566653365666439633235373662346637323834333565
63626636386164323961
