$ANSIBLE_VAULT;1.1;AES256
38333139346362303962393432643337363933633835353837316230636263393763353232363562
3566363733366661356236353637663266653962333635640a653134393961373438656538636466
61366333343331386337306561343733363636343164363630656534353466326336663263383631
3836613164323162310a383665303865623661366562363239643433636366336264393063373765
34396530323639376464313731386132356164636434363965633537346562386237336230333030
38303833396230376130633966626233363333613861363366353762663161313033626136343737
33316431303563393734626630386461353462343765643837613437643435326363386237316638
36626435633765333034623332303933306362306133386464373930353565376131653665313761
35633338376138386266663136366539633333316433363637666336363161386632386161333965
61386138646237343135376663623063313734313335663632646635383933376465663764383431
30666634396462623336633335386430393831373830663336316638646561303235303937316561
32656565643562383638316138353435363064653763353631636362326136363966313333313436
66353337326362626530313933633138393035343231393563386366386139363436363966323939
37376463376666656563623834653765356533346535373837396163643535633537396565616432
61386633353262663630333266616237636364373761393338626334303437313964363330643437
36333962393831336632623334386238393632353131323631343537666538363333336462653262
66333036306130313332653964616234613464633938396531336332356237316537623564313763
31336434316537666165326166303866656433373861333632343830336433303039333535626536
32626466626364626166343462373333316666613530356230663036323032663934396336613631
37333862356431613964316635353731346132623539313637393331376339396331656538306633
38646263656530623237303435373138313332383431366631326331663463326264353239366662
66623762633965313130303866616632396365653764353632396666343164363339323930386134
30386131616661366430303936313538653062336236363962333562623838616530393439653936
65316638336335623332373439363664393730663033336534336437363633613661636566396165
32636430333964613863326538663864623863623531393335656231646338313762
