$ANSIBLE_VAULT;1.1;AES256
62383363663234376561633833353636366430383537313562303631303565663337306533663566
3264393532383038303863666364666632653964383261350a653831373863306663623836646139
34333762333764303066653431393935623566653938303135313666613735323036656462343766
3733373034323565340a666532616565386266643536616331636266336263313733646264346661
65663563366463623337393961313065666438306333633835663733623362656130373337383064
33653262356437643864353839633736656132306566316364633136356635316263383232343732
32356562386631316464643066343466353131323964346561666366343630636237346531343062
63626530623436366434633139646430393531366637363031633434333734663761626535336239
65313961643066613632346238346564356336303531336666376434633661646638323539303536
33366630316234623630376161633736333564623362633131653337656336313665656239326438
35316133653466326332653037356261386266336230353934616363356430336138353464396561
32346536353732663063636666656430623935323833323138636635666237323664633666363733
35653431323236326634353332663438653437623664313966613061313330366138333634336262
64336432663631653536373536333332623865393261363339306333363537353536373032373561
66396563613566363337393933343430356138663130653662613936353336316161666539356632
64656562626665343337613366613635303465656635326330633136323933363362653339663038
36313135356430363462353763623939613638663036376364316535353033613338356164393738
35373439343336383961613665323439346162366263306662646266393334643064333935666265
30373864396263633465323036313062663364376238326566313561386662316336643931626337
30316562383236666636326635313766613162366234326430646532383462616432386631343230
39613931643037663332646639363537643265303664363761336233643037323261303638646433
36393531636330666362326232646633353937363865653938373032326539346261623566626463
66333735653332616139633535656531633935656266656465303438386365346265613737376361
61636232376539653065313230393133383835353136626234626362323164353565653031353433
39653464643834363936393965373937373863316537623563306639363335343261366239663061
36343337623432396535343230336266373031333539343762616563323765633734356633633636
61376638343761393264396134663530353562393765356434383631333139343166313132353464
62636635383063663235626563663034393132613963613563303236616634343338623431626631
31366363303436623332383435306230373638633232653634663431636132626339643830366164
36333663353137303931336362386465333266333265626432613633373432303537663935623636
65353536646630613864336331313265613333303132386633636435346239333432616461316561
32613764386138323666333861383933333438323639393832326263616137346165326165306331
64646430333934643261326331666435626331616435373466306435343262366366333361333463
36303564336363646266396430343839623261656461366438643633646263353631643861396564
33333865306335333437633733343430303562626561613230336433393835363139303030323163
34633232306562656530376561386562663939643132623339313335626665656630353464333362
36373130666638303435316462323234636233383038386138643138623535643639376165663236
33356436393866383436646361356666336665396231373662616338336436366336366137653839
38333962623863613331363137663735306631303138353061306134343035303161316562626434
66663634626336363131646534376563663465636135636435353736353361623238323563666633
61653539363436383730343063343061313839306463383765316430396135353166623033646436
30383539646235643535376163396436303230393134333234646538376236343238323463316362
66323934303838373965316563643430336130373733623764313933386463646239633238643037
30356234353039616162363936326335336630643034303839623965386338336438323932643136
36323135323533326463396636646633643638646332386566306164663430623263383734623335
61313739626230653462363530313865323031303033353761663131333262393630646264616538
65383339343633646539353838396632626439376362373935383666386532376164643232333634
65343563353261383031323138353935373736393937646665376263373635653364306534656139
64366637666536363036376561323461653030346138613232613231303662393235366662666663
35376463323633643463356266366130383561363537393234353537313036663462393039373964
34636230363531346535393930646161303661306263656462363630316238636336356462366230
65326635343631353761386439333065396565313437613661363335653861396238363965656135
32643231646663393464383339613534316134656565366230356561326462643937666230613361
62373634373233656362353166663365633666353734396564393836396666316163383934663730
31646439613937663635396139646632373034386430353834376435663430356237363934383162
32376233363436363866366165346463653038643261303935663861353434303231316433346662
36363735653030626438323836313266343832663735393538363663636139636334343065623735
66376336313233343737346536666662323265316566656263316332663830323466346533343130
63396663396562306235356437386135343461386133353561386662656639633137663661653464
31633539376266616466363232626636356639336164396534353761613433386263303063643433
34386537666430643534666166653765313661323333396139336234656338616633303930396133
63376165626532373665646665663737323433653839306337376531333836623435643336656366
32623264663263323230396533346161303037303162613733326539306464356435383333333430
39313037386230343134393934303433323539616136313932356137346630663661326230383639
66373161343737323039383739633832653364376162353539393933333436666634663466343435
65626435656465656462336561663061373932376361383861646564363466343663623365313963
33336631333339643536323664313464373134616434343963643730393131353361383035336364
64373735393837313562353236616437623037643331363535343865336363643033353965303436
30306665663233303535363734336464656532313736323334313730396338316462613061383933
34343030323564303033646135326165326464616166366336393366656634396666323337663634
32303166663931663866343132326362333130613831653365306538613034393663636631633839
62623030373565313637623836633962346431383663343562633636323630666530643662343530
66633931363331663666656262373331333032636562373930373636633038386632643661333764
33663430366330343461326430643864373339303464633533366132383161633837316666363461
63633931386462393639623634643035663362616336646230383434313363383034333564346265
39373865663632616331643763633639643539616630396561326536353461336139653964316362
64646437323266343838323534363433653436653631393963356638633532363561393435636532
38316139313237636163383431346234323236383036633037386634366337306338653836343436
38383963353866323330313830666139303662383061323862653664373866646433386530643163
33376166313961656439656337396463303739373736636164376639646366316266363633376361
31303235363465643965643936656230653466636662333861613066303361626534636237626662
63636634336665353235386464343765646237346661353036663766396362383364306463633137
30623834306337363764316535343865386261313566343866663061366564646666393631656436
61306164316237336237353235326338346264313830376165343137646338663164663137346630
61393031363133393164613034386534636438666261643364373537316236623264373533633031
38623963646666376666333333623935336237633862626166646365336230306636353437613634
38616635643232343061633266396437303061663036313936666231636639303233663831373930
62363232353064626565653964353930623162373336336137383161623233323032626532656662
31363466333437353661383561393730343130396633396332633539386132346135363736623434
38396264306262326435626237333930363135356231366635373639373362386465613039376434
65383932663364386437363930353763663730356661303139336561336336633265326161303538
62353030656331383261323334626432346662393565323039363332356437633565393435626332
63633031313834376633353236383661623566343332653834356537626234363965383931373337
63636239346165313136663132326563616638613634346332643038363236343830306135346535
35303735643037376333333035336231613039336163633237393335323666373535623736363437
66646536323432366339373461353632323730383633633634316666666537393161636134363334
34633036616535383836623734366630356535653939653238356461336335353537326161336631
62333264396264386138343237376164643638363164393262643431366561623036363064313335
32323766393163346662326266306133343137663632653339613561316234643363306632303937
34643163303963633930646638363031326635316164376631323339383431623062306534363263
38393465383566333163623430663561373539303134346239396666306166643438303631656266
38636230613133336561393333393261313132386131393339633535393464346339333938653162
38363334326663386265346361303864646332616639333437613937623231383238626230396165
36323332326165346533353065633263333564383161643765373964656538653530633965653131
32313034376165633861623930656562326535326639336632303333363231356562303666336662
35366634613835343261643066303836386238663531303164333362383263386230373931616233
34313763313265363062653164313264323136626133626539646635393234313162613963363434
61353138303532393066343931373133653731623962353034346663306634636261363435653966
39613733653339363936383731383934333930613831633230656536303932626466336437616662
35373063663336383036666161636439316133313534373661363331326236343864646635626263
65363532646538396530653737616131303365313139316431643232326139356234626235656530
63316665323334373338373738383731366566313763636261313262323364633865653937303065
36373666396633363331613636346139613439373263326339366334363739303238623164303037
36303732376533666666316164323931626630643631386461396462363733373831633636643439
62343534366538336630313062323064336662333464303661303234653639393936356636356365
32303132326237356332656535343931616132393237393230343937306263306565373962653536
34353264613733343436303139616537623832643438613835353832666638393734623365343738
30393336313435393666373237363636613835653331396139356566613766303436613634333665
31396436333339636466363534353761363563663266373333363534363538643430336339633464
34323464613939333631653966643732373165666631353765663661383537373638393165313833
37643162396435393466393733386363343831396432326431613361393563336137376533356531
34613533303238613131653938323534653966313364343466633835656662666538343834386161
36643766633661343965623162666234376666316165313266356338653837393934653864666531
35363431333930623164633331313663336131306163366539356439653765333837306139366537
33366164346336326366633136653431633965336336666466343930636666656435333735373361
36363032656434643433343238646436316265336365613530313566386632666530626130373033
61353538333832343663396663383065316366643563313331626166333165656136326139663236
62333636663864653362346135343133383961333763393034383863376538303034653662366234
38303938356462636162656366316235623064306261323733306336303338333764383936383234
33646264616231306431623035663834373762323632383830343063636463626134316230363437
39646438336530313238643230343064656236313334303061646331336163363164643466323032
38366630626236326135623933386264656262663433303336303134666234353136366238633933
39656635633262636466306534636466326366333231363838623234643936626361306365356365
65386663366235316462396632353837366263383333643331353666346538313864616466323638
65666433353465666634613433326162376262633333346533376239306635323239663564343636
36646664323262306137376533323935313863643161393038626138613832303736666132616338
64336239633131633432373339666265353631376230653531343530303162633761343336376537
63613466366337653238336364613331623135316463396239613464373831383264663064323039
61333266333464616330636661643038323239663237386463663834636230656663353637633634
34353232653237613761316666613461386430633939656436393530663439306362303632383364
32303831396233636661636335306130306438343630363238393731356361386363653663346131
39343836623166366132353565316663353961363533613062643963343965316364383635333934
37333839613831396366613731643438353161633838326661643465323330323865323533313739
31663034373566663963316265386436303732336631333836333833646166323634643233633461
38333164373033393163313536646432613038326534346366333636356666326536373963336163
30633637323162666463613134323965343966393733353237316364383961303665353332396365
34306162383033313330616533323032653263626231336161613632356564393361396362653066
30363835643666373461353464643963623766373234633932636562653863643534373031303765
35323166663266313038323930613636653438383761373837353634336436633566663065333136
64343833353236613666393437343138366235666564303130646236333839636339393936383834
63326239323333383134396664346466303932306661333330616564393636653837346538633164
36306661393061633930393261633239326464313431363439386633656436383730343865363839
32633630626435663638343864323333653236366430646532363735366161323734306434306366
34323932616134633139343837633362373065333833306239396662313663373332343531613662
39313830303965653030393566653837653533316265343035393665313234386165373530663634
38616432353262373035613130393162393030343339393731386337313334653439323336306533
39626533666236653739613231303863326265623466613466653935646437326362646565646364
36636664366663616462396630373364343663303837336363643764643133623938303336343937
66396265623932623237396630623265383532393939343162363363653131653432303939333638
65613039306130663335633038646131636334346364633139303730383465363564633838313662
62323830386466656139623834306461653463633963396132393336393736356233336131393462
31633962386535633435393330343465623366393631633163613065366263636334326434393061
64323162333330383838393664643663636431326564643334313734633934643030383962653339
62383566366466613538656433663036316432313437656232343030353863323839623635323738
35303534653263613861303536396631613465613639616334303339653362633161643562333034
30353461323037356166386638386237643566306531333837333563353764663038623936626264
37373831623837323930393930326537633833646562623836646134633538666532306132376262
31313364646136313232633932656164393237636466353833643331636236303765666439616562
62343035323830303635616530623935633033653739616239653765663632393132313338393531
62323034336634613135643565633737643862653132333734643161646137663439626563613137
35636563663132613739336439646433356664363764396239316430363936616230373733383837
34393136356165326566326236303962336631646435633564666331313965326437323562383566
30356564656166303662393931333136643032346434383431623437303035383937323339353137
65343231336466326461633961626333393232353236373131323432626566326435623835653565
63396563373363326534356462383230623764643038666161343565323437323736663736383637
63396536393862333934653463386265633730613036306335653338313963316439306231336139
63383834313332323963646236363366366132633361366566363631396233313932313163633232
39663936613533333931343430613031656464663965383466383263393936303135323636303563
39313963316538663565653765626431663732383731346138396331343232356166353233376461
35346264623331363664663836383531643361333062626663653662363861373339353936633133
33643132666538356432636636383864663264356138663361636339373663643766306433333361
33353663633534646539626535656634616563386431626363313535326466386661616634623362
63353237353162303764626166636239323139313735386635363265316563316235336439366237
62646239633939636337313564393564303432363633666339613233323630376535363937303230
31363038633137653131336233323830303133653164323661653766383437366338393135623730
32356263313163616463626365323533653463343035373163616538646331363465616264633962
63383163393733613463303938363762643330393239386238343637363033636333393062636538
63663432613733333662386333306163636131363334363535373062353839303136333531643161
35343633633765396165636665393637663966383239303063656563653163646538666466356264
34313663336464346435363335666233306465663564666331383163613363633462643736613064
66386235373766323330386261643930623966386165333138636433353438646538663836623436
32313230363062633462393165356439643361303564646436386664636434653338363633393231
34616536643732353239333932396461316163636263346331656131393236306239383962386234
61656132616538323038643931646234653737663461363037333333643138653037313832346631
32363864303436666436376265613635316265393166643539656235343861623333613832316336
34646439636161313261396364313064396135376534383565356437393762376232396166663839
64633833623763396665626234323761386538613664653862306336383761616332626235623565
37346262356366623265653034373433316264336366313630363365653535356436393134346530
62366232336363313262303735336231383561383762366233306434643437363461356530366465
39326438626137633638616432613861326630306331663462323764333430346236383736616639
37633261386136383230373338363435346632616566373063616334396631656435383933656165
61616565353536313334366231356539636333313138313432376138376538373839396131343638
61666632386164343563633530653863323333346133353637636365373561373732623336303738
38643032643539363564306139643436343836383766343035393936666264346564376133366266
30613735623931373332613238326439663238623362613534353763616537636238646363353164
66373033646564363633313665656563363337366134333837303662343936343332316234646137
33363938326661666535396664313565393365353536396561646631326362616265396363663164
37393133303866363931313634613239633765366235636131303462336339303836623931616231
63363364373335393432333838333365373433663565353766376236633831363261343937386134
34643831303732306665376431373331353862313832303932653830643430656164616130336638
36386434343563396663636664313836303139366437653037366463306635326335316134613666
30376433316636613934336263393038333266313062636631653431356464316565336635626531
65366335663632346639383039636430323932643066613764633831353539396135613965313639
62393033616531303034363363376539613235306464363433643363356562353233343939383863
61376632323135383865653566306335366639383763326231353236366530326666313230626662
31373664396236333666656239626432366564366535333139643163393438616532346264386131
62363762396132303532393732346333363363353661343630316665303536376464613139646532
31376331306332663232373335613839303836306638616663333136636665636235383963643630
39376138653364653661303831353338366237323665343763323864333236636333363063623838
30373433396635623437333137343363646165383065633236626462383434313036306230613665
35326637326365653565646132306661356139343666656636333935653235393637373138666661
33333361623661623938306137313530613033336265663033336164376366346161316135316630
65363463646563323531336563646631363231303037386436373937666465373661343033303764
61646138363866356633356636306538613436666562643338646366376664663237643639336432
62323764646436653631346333353963346130353561323661323639633864346265383632363762
66353062326565626233396262373965666166653261623638643332316532623935303231613531
61613065326338363937383236626531316236356161366363653465646466393939636532616538
38646436326135633133383932343436303731636337366234666531663762636538306537333336
36653462636438366131653365383433333333323661393732623234616435653664306162616465
66316638343938626339353066306137343731393234656164306666386638323335626132613830
39306562623137323638613638626565376335333165393536633466376330633130643531636435
64656265663636366330326434323761623932656630646337303365653263313062656166323932
30303039333966323430316232653139303137626638393361663963666163326434633061613263
63353961363334303330613930366664666161346132636561393733356138316631313135393032
61376561396531303262306632323663633763623136396561346266346164643634343532303537
66616233336236323465343032623732646132356430306465396439383030326631313165346463
62666237656165363938373735303736616161336665643332313265323737306438656332303764
64303233643565306439306232656262333438643561663065356533643863336439383236346263
66613335656538333764613832633338306235646663333032616435613237316365623638333834
34333265373066333663636234326164373936656264663761373231616638376432393633353736
66393737366638303639396238313335323638333464326437346265306435383464336330643431
38383764623134386163393965626336303965623032343033663839376535366430343737633031
62643336386564633664376265613837333430313661636666313332643133353539353465653332
34353133643630303338363031353834333637376263663766306334373332393162353965643531
61353931663865626531393465643734646663383462336333326130663830346435623466313264
36303735663337343036356161643737313665393163356364376333626531323765343834653461
39663266376131343939323235373131396165366666313933353830376631383733353761656334
62663635373430316231363763366336383237353739616333306139316564333633396161666332
36313831653539623263613136636538373537643163633636336232366538313037666362353964
31386164326564653165393738396463666235316130363734626437323365373064616233653262
61303134373563326234383237356564313461613931643536303039376632363935653137623837
31343139386239346532303331346136303332633265303464656635653035666239356136386531
34386537303837363535656535313266613465316265653935393233633436346637363631363634
34363433383733613262653531613164316365393234303330336162666365313539343365616133
65303030613962313461346539333134623538393066306239666635363064333166643636356166
62393337366233373834326138346261333665656532656264353437343536613536646662316366
38653961616661366230623535383536366239306634383764633265623161346462636163373066
30663634633565373233346236303334386365393462363732643934663233316365333761356632
65393730656334363338333839616431616438356638393633653430633232383962313365636236
34616334336636333764666536303564393836386231316463376664396436396533326266313764
38643534663065633961333237326361656439663535386337613032353830373666363338663461
34313634613735383664623763623162643266363738613263653264333262356232393932323132
36373434323333326464343464306336646135363964373263343832396131646262663430363131
35613565333861656662353064623234633237316533643562303432323263313161313835633164
62303632346566323665363162326262313033386631356139366132656530343765653032616265
38383661353430313266383135663538653566343436386466343337333563343161353065663463
62363939323237353334626633363264383761303231303130313465336566633465616561333231
39653463613934653162363833303035326561636436396330376135363362636632353635653830
36346634376466333566623263323931646164643839313331336533353866343239616264376665
36613439363663376462626535653835626134366538353135653231636330393562363434353338
30306234393832333037643236323338646232613234636465393165393038633664383661626330
63383065356334346566383631363933333734633231336262333231626636646330303361303363
61643434633133306331343439646238613038363639376334323836393030633035303461613336
37336433633232623235663933336338623532666334626135623536633563353761343034616532
39626435353832646261653837326236303631613563396130363034303166623235383263336264
65623331653630326366653235353664356135363439373437333234333239383934323866363863
34313538613565366664643162613639303062653638373364623563633634343739613133613436
62323833366537343739333937623835393932346330353033383031326462633837393938303466
66313936326338646637393335636431613832323261313439326136613632623265366533633637
64326561323433616432626530643466306634613764396232383865643365626533636162363366
34653638383433653931373033376636643835383430393632653865346539623731303665343932
61386362383233303836643961363261316537373739373362396535313861333139333838366133
33383435613130323961386330333962616662373862323337613333323661653832623961303466
61626530376337616461656131373139623436346364333034376535653630636432343561353964
66353261653832616563356366663762306563636365353261643332656236356135383733323166
35303636393730666365663832643231363164653237363766393330313738396139663765613531
31643964386236373330633465313537626339353239663638326237363363656136353037373666
33663534356539653862343439613336376235663630306566396362623932346532636533396434
34303231636232386665666564396163613665643966373637386164346235643930363663346537
30353931376662373038353139346362363036653733393231633861373563346262376334363136
37646138623034393639343866383365313939313261386233663535306235353737623530323236
32643833386135616537636235313564363435376131343437323631623539313863353334653537
61373065383330313766323235653731616164656237623064316435373633646264363162346339
63376532323564303436636666643330633431633332326462616433383261313538643334326533
31626166386534613061383737636666636235366631616636653435633434613361396630313863
64306237323136333932616333643764303339663562333166346233373738313962643762306565
63323939366362353537313036663463336366616532653737386366313963386539646463633337
66356536626238616639363738613437353765643261373862326337336234623231623663346536
35383366366262663066303963383433313763316566343339613137653261323731653439333764
64366261356134363838663630363638613536363862363938353034343132396365356531663062
30613161386539663036353530383235316562306166636538626665343236343439323632323538
64623935653163303765623736393932306534636335323133653531326165613163313262643164
31353564353965353138313561313030613866343535623364353862633963326230303161613063
36643062306330343064336238353836343834623835656365313064343337646363623934653836
36663330333364326630386332316134316631333332663061623238633532343736323337336633
38636438633235633331333262386631613939386266626162656237316136316364366535393434
35353637383666326231343865323066323662623266353730646339386633636432303634323231
32613962623638643438313331666237326239336431653435306238653434393631613735333136
66396139653731646237396461366638366637386662653737373865303436313336353931616535
64376363633762623936393036356565343530303963313231323232343333373834373663343733
35633961343532333365316362363331386431366330633865653232313132613730343238303935
35653633356230643136633933343639373263646231633261323561333534353933333961363933
36313336343164363163653336306133653265356338633230663162653838306630313235653366
62356532383830356230333063626333353963326336646538666637646437353739303639663333
38313539623261333333323931383732363538646266663761313339366239353233336134333539
33396237373737643463366539336137393234366339343533356136336532396461643336363330
36333937623633316633313961313631343135383065326236393865383131313161623830653830
39353430323035633134393131643639383664306235613339616530316233366535376339343866
61336338316433616363653665653132653063633862643433646565363232656161316364363061
34373462393265363663373432373962336532316133343063393235316363346237353434613730
64626465623966396262383437363938633462343036396539386533653830626230626534376538
65663138666238613035626331376365303636356436383665313436623530343631623538643865
66633632333365646661353530346332313965396162366232333035396662376531383638636432
36646430376235386535343166336230373934363436623438666561383831333061396564363539
33333733383730393832376639366637653233346631613661643639666335653365626533656636
32353931393433353730633532343532343233353564643961623032313233303031633164623535
30643234383235336636633339306162313937666263386431356135313365303530653261663764
62616632396661336133623462343066333133643864316232303039323830636333616362653838
31663662636265373965373131363534333765643462623734323537373339303932306336616630
65356661656661613537313265386238643764303635326162333137363032343738336531653338
31626464353261316538613237313430366662616136316263313462303638326361326161616233
62633437353237356466363537343530613431323262373738316363656138663233323762313061
61643365373430333133393239653137613532393164306664333562353762386638623138353063
61366337383764653731393265363139623364393135343034306363356239623634633630336562
31343435636632373231333966646334393365623935326137656538643962353862653737323863
34626139303631626164386138343739636430613234643738653431623039663830306538396562
65356537346238376538306462383333666531633934356237333265613639656132653461346131
38316133663830393737383632306135396362313733396332323962376434626365613762333939
31313635323935333831326533303934343464386463353961363935356365656437633064613364
33303464643738306238323834326432353664303661356539323462636337616434656336623766
31353632616666363031356164626131616535303039356163346566396234313835316664383162
39336335343037623361386561343431636362373533343665363562646231666134653236373264
62373237373861373939396632326232636631356565336233313832623930653630353632343132
32356564633763646431313065333739366638646531613534663136623161636135333265393563
38616162656661616631373632363161333235663263613934666539343330373466656535623061
66343732613065363236623332363362633865313133383135646466373161396666646436343066
32336233663062323361623532643764303566636461383565663136643166656662333462663431
39326532656634303735616330396631343430343361396236313334616632646430356362326566
62316238323532623663346366313463613465386136366431666238393633323063656339353635
37336561303836633639363639353132323762356130663735623262613135393336343335373865
39656132353430343435383337356333636636313636313133316165643639303738333138383566
62333765396135653038306165393234313735343762643536623862376366376134613166653866
31306465393835313964373264393835303732343638346238393431396230353134666261656232
39353837333830383739353232363634643531356561353262343939353632643934343364316537
66633033376261343438663035303537623239333637323837373033383839396231613732313063
63373537653861626365306530623738663737386338376561396563393932366430626431313631
33383232306434343132313330646166666230343666623835643161373730303238613136663431
63366438616635363263343030306361303838333432656238323763613738623265333735663465
32666165633337613434623065343830376431396131316466353564626533386133383235623738
65666266376261313739356566343864343231356132646330373963646536393438373865373233
32353366653939326633626433626533376332396366393362353431363738643432346133663437
34666331646237613436663461313962366134333739303439633432626430336534396464323135
64333036623539353337613865376136383834393330643939383731303433653733396435626630
65663965613866363737616561396536303563396131623262666161646366386531346261333331
32373138663734383732636132626464313637653731613033636137643165393532663764666535
66633066373863383439363535346165376437383061653965376535316537653862363131383763
63663464306161373136336334323765366561323935346665323365376266623939613662383863
32646137396638306534636165333336393834646365356462303932653766643839336135323161
62336537616535393564323830393164653133393964636465633738303162333237666564393238
64393163386436346438326131626235663139333036626138386633386366626264636336373761
62633435663334373237373863666339326366653436323735643134616336353963626232346533
33353532636266333135623566663961623936313236626438313763656166653639646234333164
31653263383133636665383739386261386335373037626463666334353038393466646365303665
34393566316365386337303663623437313337393830313663353162326535313961306438363339
37313937366665653732326136626239313963633633363135303662346235366236313863646130
64643834653734393738343137353038333437393830333265346634626663353030326361353465
33306232616166643066653039643361656364303432316565386134666464653235386339666235
62623139353038316166616639613165363937633334643166346465336231646337363363386632
37343966346634626139376265363135366530303638323363383933376134663431343665386166
38653932356531653166626534646530633865653836626237393063356638616566303839306637
64306633336363346633383530303830663761616665613032653761376230343364376136656330
38356166323435653836656539303863636633326339373961646631616636666530616333633134
30363465346436303130623534633632346432306231393864373330343930393066323735316231
62636431663961333666656331386535353761356464653466666135313839333236303532336264
32646636653333623032616437303237363265323637663136326333356331623661633738633332
32323237306334636233346165613034636135343966653662626231356665643435306337613966
30633066356539613738313166613138366666626534666166653065393534643431393363323933
30383834303363346133343130376533386637366532653436393430313035636465366238616466
65363031306364323765333436643461636234636137666634383036623662303462353864303838
61393836336664633036633765656534313530313439346337393064653632333266616266363762
35663366643366623665613561663431646466353533663633386433666330663539663862383266
37386234663362316361323835633132363036313561383163393836366532623535383262656633
36316337326536353965303739623937653666343033666362626162306637633738623337653635
31323438353362316637363733383736613663626336666165383866363234343561393466353265
31303162666536653537633834313038656331353163613332643061363164656365623935393936
33313464343133656465346332373637373966316664386363343239336563363966336430373632
33636330666237356464383864376636386538306337613433653666376462336637333466623737
34376135333062323936626263336336663830613834626233346465363362636331336335643938
63353532663335336336316639356234383238383432333865396666316537643737333536343335
61386336643438323836353135306431306562383134326535663464363637623362393263343266
66383861346364616365353236636462346533313737376438353166346234346338396366303832
35613632653234366633653365616533376161383466343965666131633135633032323939366234
37353538383132646163656463666563643831623461313363633431316632653130373965663833
34663635373562373061333764343437366337653438303533303330646162393538356435376364
35626363663164636662636262326631323737396632383639376439343234383764356665303935
65333666613036616464353039366561393765323032636464313662383532646235383566366532
61393336633133343864383063363339616166643331666231336363373537373763666432323462
31363831306530343637356138343865336237623137616339336231336530333666393833376463
61653938386334323539383137623037383430383730653365663563343361336237613235313637
34616335333464323431636235633466666266633962383963323464666364643763306462313761
66323039626435383538643565633666636636313361653863343265386164663331633563656431
31653965346362333562396165336566343536623335646234356661643936373861343338643461
32353836613632663636356433656166636436313631643731626637633733636231626562316635
35353838396337633864393632303833363439316238616263356665393964663430333063666430
37343566386139633536613435626463353466643363326232616532616362346461666130616537
32323864636162383665313831376531333961613939393266386634383831373465306437653436
32313739656630663233666232383164393764613663666663633461623139373732
